$ 1 0.000005 0.11813604128656459 60 5 43 5e-11
w 128 336 192 336 0
R 128 304 48 304 0 0 40 42 0 0 0.5
r 128 304 128 336 0 100000
w 128 304 192 304 0
x 535 279 771 282 4 24 Rx\s->\sESP32-C6\spin\s4
x 539 378 785 381 4 24 Tx\s->\sESP32-C6\spin\s10
x -69 344 19 347 4 24 BikeBus
x 110 633 492 636 4 24 Plug\sinserted\s\q\sconnected\sto\sminus
w 320 512 528 512 0
x 367 491 772 494 4 24 ESP32-C6\spin\s3,\sInput\shigh\s\q\sno\splug
b 224 240 340 403 0
x 221 215 338 218 4 24 TLIN2029A
w 320 272 368 272 0
w 320 304 368 304 0
w 320 336 368 336 0
w 320 368 368 368 0
w 192 368 240 368 0
w 192 336 240 336 0
w 192 304 240 304 0
w 192 272 240 272 0
x 299 284 312 287 4 24 1
x 297 378 310 381 4 24 4
x 248 376 261 379 4 24 5
x 245 279 258 282 4 24 8
w 368 272 416 272 0
w 416 272 528 272 0
w 368 304 528 304 0
x 535 314 819 317 4 24 Enable\s->\sESP32-C6\spin\s5
w 416 368 528 368 0
w 368 368 416 368 0
g 192 368 192 384 0 0
w 32 336 128 336 0
x -89 306 19 309 4 24 Pack\sPlus
34 zener-3 1 1.7143528192810002e-7 0 2.0000000000000084 3.6 1
z 400 544 320 544 2 zener-3
s 240 592 160 592 0 0 false
g 48 592 48 608 0 0
r 160 592 48 592 0 5
R 112 544 48 544 0 0 40 42 0 0 0.5
r 240 544 112 544 0 100000
r 320 544 240 544 0 100000
g 400 544 400 560 0 0
w 320 544 320 512 0
w 240 592 240 544 0
162 192 816 272 816 2 default-led 1 0 0 0.01
162 192 848 272 848 2 default-led 1 0 0 0.01
162 192 912 272 912 2 default-led 1 0 0 0.01
162 192 880 272 880 2 default-led 1 0 0 0.01
x 21 772 524 775 4 24 4\sstatus\sLEDs\sand\spush\sbutton\sof\sBattery\spack
s 272 960 192 960 0 1 false
w 272 960 480 960 0
x 504 971 676 974 4 24 ESP32-C6\spin\s2
x 504 923 689 926 4 24 ESP32-C6\spin\s23
w 272 912 480 912 0
x 504 891 689 894 4 24 ESP32-C6\spin\s22
w 272 880 480 880 0
x 504 859 689 862 4 24 ESP32-C6\spin\s21
w 272 848 480 848 0
x 504 827 689 830 4 24 ESP32-C6\spin\s20
w 272 816 480 816 0
g 192 960 192 976 0 0
w 192 848 192 816 0
w 192 880 192 848 0
w 192 912 192 880 0
w 160 880 192 880 0
R 160 880 96 880 0 0 40 3.3 0 0 0.5
x -99 889 75 892 4 24 ESP32-C6\s3.3\sV
x 7 974 179 977 4 24 ESP32-C6\sGND
x -92 606 32 609 4 24 Pack\sMinus
x -86 549 22 552 4 24 Pack\sPlus
x 83 438 255 441 4 24 ESP32-C6\sGND
x -7 13 131 16 4 24 Daly\sBMS\sTx
w 208 48 320 48 0
w 208 0 320 0 0
x 331 58 577 61 4 24 Tx\s->\sESP32-C6\spin\s19
x 327 7 576 10 4 24 Rx\s->\sESP32-C6\spin\s18
x -8 56 133 59 4 24 Daly\sBMS\sRx
x -8 -40 160 -37 4 24 Daly\sBMS\s3.3\sV
x 331 -38 505 -35 4 24 ESP32-C6\s3.3\sV
w 208 -48 320 -48 0
x -8 -88 158 -85 4 24 Daly\sBMS\sGND
x 331 -86 503 -83 4 24 ESP32-C6\sGND
w 208 -96 320 -96 0
