$ 1 0.000005 0.11813604128656459 60 5 43 5e-11
w 128 336 192 336 0
R 128 304 48 304 0 0 40 42 0 0 0.5
r 128 304 128 336 0 100000
w 128 304 192 304 0
x 535 279 563 282 4 24 Rx
x 539 378 564 381 4 24 Tx
x 24 373 112 376 4 24 BikeBus
x 138 437 251 440 4 24 GND\sMCU
x 101 643 313 646 4 24 Plug\scloses\sto\sGND
w 320 512 528 512 0
x 405 501 624 504 4 24 Input\shigh\s\q\sno\splug
b 224 240 340 403 0
x 221 215 338 218 4 24 TLIN2029A
w 320 272 368 272 0
w 320 304 368 304 0
w 320 336 368 336 0
w 320 368 368 368 0
w 192 368 240 368 0
w 192 336 240 336 0
w 192 304 240 304 0
w 192 272 240 272 0
x 299 284 312 287 4 24 1
x 297 378 310 381 4 24 4
x 248 376 261 379 4 24 5
x 245 279 258 282 4 24 8
w 368 272 416 272 0
w 416 272 528 272 0
w 368 304 528 304 0
x 535 314 611 317 4 24 Enable
w 416 368 528 368 0
w 368 368 416 368 0
g 192 368 192 384 0 0
w 64 336 128 336 0
x 27 279 101 282 4 24 Pack\s\p
34 zener-3 1 1.7143528192810002e-7 0 2.0000000000000084 3.6 1
z 400 544 320 544 2 zener-3
s 240 592 160 592 0 0 false
g 48 592 48 608 0 0
r 160 592 48 592 0 5
R 112 544 48 544 0 0 40 42 0 0 0.5
r 240 544 112 544 0 100000
r 320 544 240 544 0 100000
g 400 544 400 560 0 0
w 320 544 320 512 0
w 240 592 240 544 0
